theta	alpha1	alpha2	alpha3	formulaAlpha1	formulaAlpha2	formulaAlpha3
0	152	82	47	131	66	33
1	153	82	47	131	65	34
2	154	81	48	132	64	34
3	154	80	48	132	63	34
4	155	79	48	133	63	35
5	155	78	49	133	62	35
6	156	77	49	134	61	35
7	156	76	50	134	60	36
8	156	76	50	134	60	36
9	157	75	50	135	59	37
10	157	74	51	135	58	37
11	157	73	51	135	57	37
12	157	72	52	135	57	38
13	157	71	52	135	56	38
14	157	71	52	135	55	38
15	157	70	53	135	54	39
16	157	69	53	135	54	39
17	157	68	54	135	53	40
18	157	67	54	135	52	40
19	157	67	55	135	52	41
20	157	66	55	135	51	41
21	157	65	56	134	50	41
22	156	64	56	134	50	42
23	156	64	57	134	49	42
24	156	63	57	134	48	43
25	155	62	58	133	48	43
26	155	61	58	133	47	44
27	155	61	59	133	46	44
28	154	60	59	132	46	45
29	154	59	60	132	45	45
30	153	59	60	131	44	46
31	153	58	61	131	44	46
32	152	57	62	131	43	47
33	152	56	62	130	42	47
34	151	56	63	130	42	48
35	151	55	63	129	41	49
36	150	55	64	129	41	49
37	149	54	65	128	40	50
38	149	53	65	127	40	50
39	148	53	66	127	39	51
40	148	52	67	126	39	51
41	147	51	67	126	38	52
42	146	51	68	125	37	53
43	146	50	69	124	37	53
44	145	50	69	124	36	54
45	144	49	70	123	36	55
46	144	49	71	123	36	55
47	143	48	71	122	35	56
48	142	48	72	121	35	57
49	141	47	73	121	34	57
50	141	47	74	120	34	58
51	140	46	75	119	33	59
52	139	46	75	118	33	60
53	138	45	76	118	33	60
54	138	45	77	117	32	61
55	137	45	78	116	32	62
56	136	44	79	116	31	63
57	135	44	79	115	31	63
58	134	43	80	114	31	64
59	134	43	81	113	30	65
60	133	43	82	113	30	66
61	132	42	83	112	30	67
62	131	42	84	111	30	68
63	130	42	85	111	29	69
64	130	42	86	110	29	69
65	129	41	87	109	29	70
66	128	41	88	108	29	71
67	127	41	89	108	29	72
68	126	41	90	107	28	73
69	125	40	91	106	28	74
70	125	40	92	105	28	75
71	124	40	93	104	28	76
72	123	40	94	104	28	77
73	122	40	95	103	28	78
74	121	40	96	102	28	79
75	120	40	97	101	27	80
76	120	40	99	101	27	81
77	119	39	100	100	27	82
78	118	39	101	99	27	83
79	117	39	102	98	27	84
80	116	39	103	97	27	86
81	115	39	105	97	27	87
82	114	39	106	96	27	88
83	114	39	107	95	27	89
84	113	39	108	94	27	90
85	112	39	110	93	27	91
86	111	39	111	93	27	93
87	110	39	112	92	27	94
88	109	40	113	91	27	95
89	108	40	115	90	27	96
90	107	40	116	89	27	97
91	107	40	117	89	28	99
92	106	40	119	88	28	100
93	105	40	120	87	28	101
94	104	40	122	86	28	102
95	103	40	123	85	28	104
96	102	40	124	85	28	105
97	101	41	126	84	28	106
98	100	41	127	83	28	107
99	100	41	128	82	29	109
100	99	41	130	81	29	110
101	98	41	131	81	29	111
102	97	41	132	80	29	112
103	96	42	134	79	29	114
104	95	42	135	78	29	115
105	94	42	136	77	30	116
106	94	42	138	77	30	117
107	93	43	139	76	30	118
108	92	43	140	75	30	120
109	91	43	141	74	30	121
110	90	43	142	73	31	122
111	89	44	143	73	31	123
112	88	44	145	72	31	124
113	88	44	146	71	31	125
114	87	44	147	70	32	126
115	86	45	148	70	32	127
116	85	45	149	69	32	128
117	84	45	149	68	33	128
118	83	46	150	67	33	129
119	82	46	151	66	33	130
120	82	46	152	66	33	131
121	81	47	153	65	34	131
122	80	47	153	64	34	132
123	79	47	154	63	34	132
124	78	48	154	63	35	133
125	77	48	155	62	35	133
126	77	49	155	61	35	134
127	76	49	156	60	36	134
128	75	49	156	60	36	134
129	74	50	156	59	37	135
130	73	50	156	58	37	135
131	73	51	157	57	37	135
132	72	51	157	57	38	135
133	71	52	157	56	38	135
134	70	52	157	55	38	135
135	69	52	157	54	39	135
136	69	53	157	54	39	135
137	68	53	157	53	40	135
138	67	54	157	52	40	135
139	66	54	157	52	41	135
140	66	55	156	51	41	135
141	65	55	156	50	41	134
142	64	56	156	50	42	134
143	63	56	156	49	42	134
144	63	57	155	48	43	134
145	62	57	155	48	43	133
146	61	58	155	47	44	133
147	60	59	154	46	44	133
148	60	59	154	46	45	132
149	59	60	153	45	45	132
150	58	60	153	44	46	131
151	58	61	152	44	46	131
152	57	61	152	43	47	131
153	56	62	151	42	47	130
154	56	63	151	42	48	130
155	55	63	150	41	49	129
156	54	64	150	41	49	129
157	54	65	149	40	50	128
158	53	65	148	40	50	127
159	53	66	148	39	51	127
160	52	67	147	39	51	126
161	51	67	147	38	52	126
162	51	68	146	37	53	125
163	50	69	145	37	53	124
164	50	69	145	36	54	124
165	49	70	144	36	55	123
166	49	71	143	36	55	123
167	48	72	142	35	56	122
168	48	72	142	35	57	121
169	47	73	141	34	57	121
170	47	74	140	34	58	120
171	46	75	140	33	59	119
172	46	76	139	33	60	118
173	45	76	138	33	60	118
174	45	77	137	32	61	117
175	45	78	137	32	62	116
176	44	79	136	31	63	116
177	44	80	135	31	63	115
178	44	81	134	31	64	114
179	43	82	133	30	65	113
180	43	83	133	30	66	113
181	43	84	132	30	67	112
182	42	85	131	30	68	111
183	42	86	130	29	69	111
184	42	87	129	29	69	110
185	42	88	129	29	70	109
186	41	89	128	29	71	108
187	41	90	127	29	72	108
188	41	91	126	28	73	107
189	41	92	125	28	74	106
190	41	93	125	28	75	105
191	40	94	124	28	76	104
192	40	95	123	28	77	104
193	40	96	122	28	78	103
194	40	97	121	28	79	102
195	40	99	120	27	80	101
196	40	100	119	27	81	101
197	40	101	119	27	82	100
198	40	102	118	27	83	99
199	40	103	117	27	84	98
200	40	105	116	27	86	97
201	40	106	115	27	87	97
202	40	107	114	27	88	96
203	40	108	114	27	89	95
204	40	110	113	27	90	94
205	40	111	112	27	91	93
206	40	112	111	27	93	93
207	40	114	110	27	94	92
208	40	115	109	27	95	91
209	40	117	108	27	96	90
210	40	118	107	27	97	89
211	40	119	107	28	99	89
212	40	121	106	28	100	88
213	40	122	105	28	101	87
214	40	123	104	28	102	86
215	40	125	103	28	104	85
216	41	126	102	28	105	85
217	41	128	101	28	106	84
218	41	129	101	28	107	83
219	41	131	100	29	109	82
220	41	132	99	29	110	81
221	41	133	98	29	111	81
222	42	135	97	29	112	80
223	42	136	96	29	114	79
224	42	137	95	29	115	78
225	42	139	95	30	116	77
226	42	140	94	30	117	77
227	43	141	93	30	118	76
228	43	143	92	30	120	75
229	43	144	91	30	121	74
230	43	145	90	31	122	73
231	44	146	89	31	123	73
232	44	147	89	31	124	72
233	44	148	88	31	125	71
234	45	150	87	32	126	70
235	45	151	86	32	127	70
236	45	152	85	32	128	69
237	45	152	84	33	128	68
238	46	153	84	33	129	67
239	46	154	83	33	130	66
240	46	155	82	33	131	66
241	47	156	81	34	131	65
242	47	156	80	34	132	64
243	48	157	79	34	132	63
244	48	157	79	35	133	63
245	48	158	78	35	133	62
246	49	158	77	35	134	61
247	49	159	76	36	134	60
248	49	159	75	36	134	60
249	50	159	75	37	135	59
250	50	160	74	37	135	58
251	51	160	73	37	135	57
252	51	160	72	38	135	57
253	51	160	71	38	135	56
254	52	160	71	38	135	55
255	52	160	70	39	135	54
256	53	160	69	39	135	54
257	53	160	68	40	135	53
258	54	160	67	40	135	52
259	54	160	67	41	135	52
260	55	160	66	41	135	51
261	55	159	65	41	134	50
262	56	159	64	42	134	50
263	56	159	64	42	134	49
264	57	158	63	43	134	48
265	57	158	62	43	133	48
266	58	158	62	44	133	47
267	58	157	61	44	133	46
268	59	157	60	45	132	46
269	59	156	60	45	132	45
270	60	156	59	46	131	44
271	61	155	58	46	131	44
272	61	155	58	47	131	43
273	62	154	57	47	130	42
274	62	154	56	48	130	42
275	63	153	56	49	129	41
276	64	153	55	49	129	41
277	64	152	54	50	128	40
278	65	151	54	50	127	40
279	65	151	53	51	127	39
280	66	150	53	51	126	39
281	67	149	52	52	126	38
282	67	149	51	53	125	37
283	68	148	51	53	124	37
284	69	147	50	54	124	36
285	70	147	50	55	123	36
286	70	146	49	55	123	36
287	71	145	49	56	122	35
288	72	144	48	57	121	35
289	73	144	48	57	121	34
290	73	143	47	58	120	34
291	74	142	47	59	119	33
292	75	141	47	60	118	33
293	76	141	46	60	118	33
294	77	140	46	61	117	32
295	77	139	45	62	116	32
296	78	138	45	63	116	31
297	79	137	45	63	115	31
298	80	137	44	64	114	31
299	81	136	44	65	113	30
300	82	135	44	66	113	30
301	83	134	43	67	112	30
302	84	133	43	68	111	30
303	85	133	43	69	111	29
304	86	132	42	69	110	29
305	87	131	42	70	109	29
306	88	130	42	71	108	29
307	89	129	42	72	108	29
308	90	128	42	73	107	28
309	91	127	41	74	106	28
310	92	127	41	75	105	28
311	93	126	41	76	104	28
312	94	125	41	77	104	28
313	95	124	41	78	103	28
314	96	123	41	79	102	28
315	97	122	41	80	101	27
316	98	121	41	81	101	27
317	100	120	40	82	100	27
318	101	120	40	83	99	27
319	102	119	40	84	98	27
320	103	118	40	86	97	27
321	104	117	40	87	97	27
322	106	116	40	88	96	27
323	107	115	40	89	95	27
324	108	114	40	90	94	27
325	110	113	40	91	93	27
326	111	113	40	93	93	27
327	112	112	40	94	92	27
328	113	111	40	95	91	27
329	115	110	41	96	90	27
330	116	109	41	97	89	27
331	118	108	41	99	89	28
332	119	107	41	100	88	28
333	120	106	41	101	87	28
334	122	105	41	102	86	28
335	123	104	41	104	85	28
336	124	104	41	105	85	28
337	126	103	41	106	84	28
338	127	102	42	107	83	28
339	128	101	42	109	82	29
340	130	100	42	110	81	29
341	131	99	42	111	81	29
342	133	98	42	112	80	29
343	134	97	43	114	79	29
344	135	96	43	115	78	29
345	136	96	43	116	77	30
346	138	95	43	117	77	30
347	139	94	43	118	76	30
348	140	93	44	120	75	30
349	141	92	44	121	74	30
350	143	91	44	122	73	31
351	144	90	44	123	73	31
352	145	89	45	124	72	31
353	146	88	45	125	71	31
354	147	88	45	126	70	32
355	148	87	46	127	70	32
356	149	86	46	128	69	32
357	150	85	46	128	68	33
358	151	84	46	129	67	33
359	152	83	47	130	66	33