theta	alpha1	alpha3	alpha2
0	0	120	158.24
1	1	121	157.81
2	2	122	157.38
3	3	123	156.94
4	4	124	156.5
5	5	125	156.05
6	6	126	155.6
7	7	127	155.15
8	8	128	154.69
9	9	129	154.23
10	10	130	153.76
11	11	131	153.29
12	12	132	152.81
13	13	133	152.32
14	14	134	151.84
15	15	135	151.34
16	16	136	150.84
17	17	137	150.34
18	18	138	149.83
19	19	139	149.31
20	20	140	148.79
21	21	141	148.26
22	22	142	147.72
23	23	143	147.18
24	24	144	146.63
25	25	145	146.07
26	26	146	145.51
27	27	147	144.94
28	28	148	144.36
29	29	149	143.77
30	30	150	143.18
31	31	151	142.57
32	32	152	141.96
33	33	153	141.34
34	34	154	140.71
35	35	155	140.07
36	36	156	139.42
37	37	157	138.76
38	38	158	138.09
39	39	159	137.41
40	40	160	136.72
41	41	161	136.02
42	42	162	135.31
43	43	163	134.58
44	44	164	133.84
45	45	165	133.09
46	46	166	132.33
47	47	167	131.56
48	48	168	130.77
49	49	169	129.96
50	50	170	129.15
51	51	171	128.31
52	52	172	127.46
53	53	173	126.6
54	54	174	125.72
55	55	175	124.82
56	56	176	123.91
57	57	177	122.98
58	58	178	122.03
59	59	179	121.06
60	60	180	120.07
61	61	179.67	119.06
62	62	179.33	118.03
63	63	179	116.97
64	64	178.67	115.9
65	65	178.33	114.8
66	66	178	113.68
67	67	177.67	112.54
68	68	177.33	111.37
69	69	177	110.18
70	70	176.66	108.96
71	71	176.33	107.71
72	72	175.99	106.43
73	73	175.66	105.13
74	74	175.32	103.79
75	75	174.98	102.42
76	76	174.64	101.03
77	77	174.3	99.6
78	78	173.96	98.14
79	79	173.62	96.64
80	80	173.28	95.11
81	81	172.94	93.54
82	82	172.6	91.94
83	83	172.25	90.29
84	84	171.91	88.61
85	85	171.56	86.89
86	86	171.21	85.13
87	87	170.86	83.33
88	88	170.51	81.48
89	89	170.16	79.59
90	90	169.81	77.66
91	91	169.45	75.69
92	92	169.09	73.67
93	93	168.74	71.6
94	94	168.38	69.48
95	95	168.02	67.33
96	96	167.65	65.12
97	97	167.29	62.86
98	98	166.92	60.56
99	99	166.55	58.21
100	100	166.18	55.82
101	101	165.81	53.38
102	102	165.44	50.89
103	103	165.06	48.36
104	104	164.68	45.78
105	105	164.3	43.16
106	106	163.91	40.49
107	107	163.53	37.79
108	108	163.14	35.05
109	109	162.75	32.27
110	110	162.35	29.45
111	111	161.96	26.6
112	112	161.56	23.73
113	113	161.15	20.82
114	114	160.75	17.89
115	115	160.34	14.94
116	116	159.93	11.98
117	117	159.51	9
118	118	159.09	6
119	119	158.67	3
120	120	158.24	0
121	121	157.81	1
122	122	157.38	2
123	123	156.94	3
124	124	156.5	4
125	125	156.05	5
126	126	155.6	6
127	127	155.15	7
128	128	154.69	8
129	129	154.23	9
130	130	153.76	10
131	131	153.29	11
132	132	152.81	12
133	133	152.32	13
134	134	151.84	14
135	135	151.34	15
136	136	150.84	16
137	137	150.34	17
138	138	149.83	18
139	139	149.31	19
140	140	148.79	20
141	141	148.26	21
142	142	147.72	22
143	143	147.18	23
144	144	146.63	24
145	145	146.07	25
146	146	145.51	26
147	147	144.94	27
148	148	144.36	28
149	149	143.77	29
150	150	143.18	30
151	151	142.57	31
152	152	141.96	32
153	153	141.34	33
154	154	140.71	34
155	155	140.07	35
156	156	139.42	36
157	157	138.76	37
158	158	138.09	38
159	159	137.41	39
160	160	136.72	40
161	161	136.02	41
162	162	135.31	42
163	163	134.58	43
164	164	133.84	44
165	165	133.09	45
166	166	132.33	46
167	167	131.56	47
168	168	130.77	48
169	169	129.96	49
170	170	129.15	50
171	171	128.31	51
172	172	127.46	52
173	173	126.6	53
174	174	125.72	54
175	175	124.82	55
176	176	123.91	56
177	177	122.98	57
178	178	122.03	58
179	179	121.06	59
180	180	120.07	60
181	179.67	119.06	61
182	179.33	118.03	62
183	179	116.97	63
184	178.67	115.9	64
185	178.33	114.8	65
186	178	113.68	66
187	177.67	112.54	67
188	177.33	111.37	68
189	177	110.18	69
190	176.66	108.96	70
191	176.33	107.71	71
192	175.99	106.43	72
193	175.66	105.13	73
194	175.32	103.79	74
195	174.98	102.42	75
196	174.64	101.03	76
197	174.3	99.6	77
198	173.96	98.14	78
199	173.62	96.64	79
200	173.28	95.11	80
201	172.94	93.54	81
202	172.6	91.94	82
203	172.25	90.29	83
204	171.91	88.61	84
205	171.56	86.89	85
206	171.21	85.13	86
207	170.86	83.33	87
208	170.51	81.48	88
209	170.16	79.59	89
210	169.81	77.66	90
211	169.45	75.69	91
212	169.09	73.67	92
213	168.74	71.6	93
214	168.38	69.48	94
215	168.02	67.33	95
216	167.65	65.12	96
217	167.29	62.86	97
218	166.92	60.56	98
219	166.55	58.21	99
220	166.18	55.82	100
221	165.81	53.38	101
222	165.44	50.89	102
223	165.06	48.36	103
224	164.68	45.78	104
225	164.3	43.16	105
226	163.91	40.49	106
227	163.53	37.79	107
228	163.14	35.05	108
229	162.75	32.27	109
230	162.35	29.45	110
231	161.96	26.6	111
232	161.56	23.73	112
233	161.15	20.82	113
234	160.75	17.89	114
235	160.34	14.94	115
236	159.93	11.98	116
237	159.51	9	117
238	159.09	6	118
239	158.67	3	119
240	158.24	0	120
241	157.81	1	121
242	157.38	2	122
243	156.94	3	123
244	156.5	4	124
245	156.05	5	125
246	155.6	6	126
247	155.15	7	127
248	154.69	8	128
249	154.23	9	129
250	153.76	10	130
251	153.29	11	131
252	152.81	12	132
253	152.32	13	133
254	151.84	14	134
255	151.34	15	135
256	150.84	16	136
257	150.34	17	137
258	149.83	18	138
259	149.31	19	139
260	148.79	20	140
261	148.26	21	141
262	147.72	22	142
263	147.18	23	143
264	146.63	24	144
265	146.07	25	145
266	145.51	26	146
267	144.94	27	147
268	144.36	28	148
269	143.77	29	149
270	143.18	30	150
271	142.57	31	151
272	141.96	32	152
273	141.34	33	153
274	140.71	34	154
275	140.07	35	155
276	139.42	36	156
277	138.76	37	157
278	138.09	38	158
279	137.41	39	159
280	136.72	40	160
281	136.02	41	161
282	135.31	42	162
283	134.58	43	163
284	133.84	44	164
285	133.09	45	165
286	132.33	46	166
287	131.56	47	167
288	130.77	48	168
289	129.96	49	169
290	129.15	50	170
291	128.31	51	171
292	127.46	52	172
293	126.6	53	173
294	125.72	54	174
295	124.82	55	175
296	123.91	56	176
297	122.98	57	177
298	122.03	58	178
299	121.06	59	179
300	120.07	60	180
301	119.06	61	179.67
302	118.03	62	179.33
303	116.97	63	179
304	115.9	64	178.67
305	114.8	65	178.33
306	113.68	66	178
307	112.54	67	177.67
308	111.37	68	177.33
309	110.18	69	177
310	108.96	70	176.66
311	107.71	71	176.33
312	106.43	72	175.99
313	105.13	73	175.66
314	103.79	74	175.32
315	102.42	75	174.98
316	101.03	76	174.64
317	99.6	77	174.3
318	98.14	78	173.96
319	96.64	79	173.62
320	95.11	80	173.28
321	93.54	81	172.94
322	91.94	82	172.6
323	90.29	83	172.25
324	88.61	84	171.91
325	86.89	85	171.56
326	85.13	86	171.21
327	83.33	87	170.86
328	81.48	88	170.51
329	79.59	89	170.16
330	77.66	90	169.81
331	75.69	91	169.45
332	73.67	92	169.09
333	71.6	93	168.74
334	69.48	94	168.38
335	67.33	95	168.02
336	65.12	96	167.65
337	62.86	97	167.29
338	60.56	98	166.92
339	58.21	99	166.55
340	55.82	100	166.18
341	53.38	101	165.81
342	50.89	102	165.44
343	48.36	103	165.06
344	45.78	104	164.68
345	43.16	105	164.3
346	40.49	106	163.91
347	37.79	107	163.53
348	35.05	108	163.14
349	32.27	109	162.75
350	29.45	110	162.35
351	26.6	111	161.96
352	23.73	112	161.56
353	20.82	113	161.15
354	17.89	114	160.75
355	14.94	115	160.34
356	11.98	116	159.93
357	9	117	159.51
358	6	118	159.09
359	3	119	158.67
360	0	120	158.24