theta	r10	r20	r30	r40	r50	r60	r70	r80	r90	r95	r99	r100
0	0	0	0	0	0	0	0	0	0	0	0	0
1	1	1	1	1	1	1	1	1	1	1	1	1
2	2	2	2	2	2	2	2	2	2	2	2	2
3	3	3	3	3	3	3	3	3	3	3	3	3
4	4	4	4	4	4	4	4	4	4	4	4	4
5	5	5	5	5	5	5	5	5	5	5	5	5
6	6	6	6	6	6	6	6	6	6	6	6	6
7	7	7	7	7	7	7	7	7	7	7	7	7
8	8	8	8	8	8	8	8	8	8	8	8	8
9	9	9	9	9	9	9	9	9	9	9	9	9
10	10	10	10	10	10	10	10	10	10	10	10	10
11	11	11	11	11	11	11	11	11	11	11	11	11
12	12	12	12	12	12	12	12	12	12	12	12	12
13	13	13	13	13	13	13	13	13	13	13	13	13
14	14	14	14	14	14	14	14	14	14	14	14	14
15	15	15	15	15	15	15	15	15	15	15	15	15
16	16	16	16	16	16	16	16	16	16	16	16	16
17	17	17	17	17	17	17	17	17	17	17	17	17
18	18	18	18	18	18	18	18	18	18	18	18	18
19	19	19	19	19	19	19	19	19	19	19	19	19
20	20	20	20	20	20	20	20	20	20	20	20	20
21	21	21	21	21	21	21	21	21	21	21	21	21
22	22	22	22	22	22	22	22	22	22	22	22	22
23	23	23	23	23	23	23	23	23	23	23	23	23
24	24	24	24	24	24	24	24	24	24	24	24	24
25	25	25	25	25	25	25	25	25	25	25	25	25
26	26	26	26	26	26	26	26	26	26	26	26	26
27	27	27	27	27	27	27	27	27	27	27	27	27
28	28	28	28	28	28	28	28	28	28	28	28	28
29	29	29	29	29	29	29	29	29	29	29	29	29
30	30	30	30	30	30	30	30	30	30	30	30	30
31	31	31	31	31	31	31	31	31	31	31	31	31
32	32	32	32	32	32	32	32	32	32	32	32	32
33	33	33	33	33	33	33	33	33	33	33	33	33
34	34	34	34	34	34	34	34	34	34	34	34	34
35	35	35	35	35	35	35	35	35	35	35	35	35
36	36	36	36	36	36	36	36	36	36	36	36	36
37	37	37	37	37	37	37	37	37	37	37	37	37
38	38	38	38	38	38	38	38	38	38	38	38	38
39	39	39	39	39	39	39	39	39	39	39	39	39
40	40	40	40	40	40	40	40	40	40	40	40	40
41	41	41	41	41	41	41	41	41	41	41	41	41
42	42	42	42	42	42	42	42	42	42	42	42	42
43	43	43	43	43	43	43	43	43	43	43	43	43
44	44	44	44	44	44	44	44	44	44	44	44	44
45	45	45	45	45	45	45	45	45	45	45	45	45
46	46	46	46	46	46	46	46	46	46	46	46	46
47	47	47	47	47	47	47	47	47	47	47	47	47
48	48	48	48	48	48	48	48	48	48	48	48	48
49	49	49	49	49	49	49	49	49	49	49	49	49
50	50	50	50	50	50	50	50	50	50	50	50	50
51	51	51	51	51	51	51	51	51	51	51	51	51
52	52	52	52	52	52	52	52	52	52	52	52	52
53	53	53	53	53	53	53	53	53	53	53	53	53
54	54	54	54	54	54	54	54	54	54	54	54	54
55	55	55	55	55	55	55	55	55	55	55	55	55
56	56	56	56	56	56	56	56	56	56	56	56	56
57	57	57	57	57	57	57	57	57	57	57	57	57
58	58	58	58	58	58	58	58	58	58	58	58	58
59	59	59	59	59	59	59	59	59	59	59	59	59
60	60	60	60	60	60	60	60	60	60	60	60	60
61	61	61	61	61	61	61	61	61	61	61	61	61
62	62	62	62	62	62	62	62	62	62	62	62	62
63	63	63	63	63	63	63	63	63	63	63	63	63
64	64	64	64	64	64	64	64	64	64	64	64	64
65	65	65	65	65	65	65	65	65	65	65	65	65
66	66	66	66	66	66	66	66	66	66	66	66	66
67	67	67	67	67	67	67	67	67	67	67	67	67
68	68	68	68	68	68	68	68	68	68	68	68	68
69	69	69	69	69	69	69	69	69	69	69	69	69
70	70	70	70	70	70	70	70	70	70	70	70	70
71	71	71	71	71	71	71	71	71	71	71	71	71
72	72	72	72	72	72	72	72	72	72	72	72	72
73	73	73	73	73	73	73	73	73	73	73	73	73
74	74	74	74	74	74	74	74	74	74	74	74	74
75	75	75	75	75	75	75	75	75	75	75	75	75
76	76	76	76	76	76	76	76	76	76	76	76	76
77	77	77	77	77	77	77	77	77	77	77	77	77
78	78	78	78	78	78	78	78	78	78	78	78	78
79	79	79	79	79	79	79	79	79	79	79	79	79
80	80	80	80	80	80	80	80	80	80	80	80	80
81	81	81	81	81	81	81	81	81	81	81	81	81
82	82	82	82	82	82	82	82	82	82	82	82	82
83	83	83	83	83	83	83	83	83	83	83	83	83
84	84	84	84	84	84	84	84	84	84	84	84	84
85	85	85	85	85	85	85	85	85	85	85	85	85
86	86	86	86	86	86	86	86	86	86	86	86	86
87	87	87	87	87	87	87	87	87	87	87	87	87
88	88	88	88	88	88	88	88	88	88	88	88	88
89	89	89	89	89	89	89	89	89	89	89	89	89
90	90	90	90	90	90	90	90	90	90	90	90	90
91	91	91	91	91	91	91	91	91	91	91	91	91
92	92	92	92	92	92	92	92	92	92	92	92	92
93	93	93	93	93	93	93	93	93	93	93	93	93
94	94	94	94	94	94	94	94	94	94	94	94	94
95	95	95	95	95	95	95	95	95	95	95	95	95
96	96	96	96	96	96	96	96	96	96	96	96	96
97	97	97	97	97	97	97	97	97	97	97	97	97
98	98	98	98	98	98	98	98	98	98	98	98	98
99	99	99	99	99	99	99	99	99	99	99	99	99
100	100	100	100	100	100	100	100	100	100	100	100	100
101	101	101	101	101	101	101	101	101	101	101	101	101
102	102	102	102	102	102	102	102	102	102	102	102	102
103	103	103	103	103	103	103	103	103	103	103	103	103
104	104	104	104	104	104	104	104	104	104	104	104	104
105	105	105	105	105	105	105	105	105	105	105	105	105
106	106	106	106	106	106	106	106	106	106	106	106	106
107	107	107	107	107	107	107	107	107	107	107	107	107
108	108	108	108	108	108	108	108	108	108	108	108	108
109	109	109	109	109	109	109	109	109	109	109	109	109
110	110	110	110	110	110	110	110	110	110	110	110	110
111	111	111	111	111	111	111	111	111	111	111	111	111
112	112	112	112	112	112	112	112	112	112	112	112	112
113	113	113	113	113	113	113	113	113	113	113	113	113
114	114	114	114	114	114	114	114	114	114	114	114	114
115	115	115	115	115	115	115	115	115	115	115	115	115
116	116	116	116	116	116	116	116	116	116	116	116	116
117	117	117	117	117	117	117	117	117	117	117	117	117
118	118	118	118	118	118	118	118	118	118	118	118	118
119	119	119	119	119	119	119	119	119	119	119	119	119
120	120	120	120	120	120	120	120	120	120	120	120	120
121	121	121	121	121	121	121	121	121	121	121	121	121
122	122	122	122	122	122	122	122	122	122	122	122	122
123	123	123	123	123	123	123	123	123	123	123	123	123
124	124	124	124	124	124	124	124	124	124	124	124	124
125	125	125	125	125	125	125	125	125	125	125	125	125
126	126	126	126	126	126	126	126	126	126	126	126	126
127	127	127	127	127	127	127	127	127	127	127	127	127
128	128	128	128	128	128	128	128	128	128	128	128	128
129	129	129	129	129	129	129	129	129	129	129	129	129
130	130	130	130	130	130	130	130	130	130	130	130	130
131	131	131	131	131	131	131	131	131	131	131	131	131
132	132	132	132	132	132	132	132	132	132	132	132	132
133	133	133	133	133	133	133	133	133	133	133	133	133
134	134	134	134	134	134	134	134	134	134	134	134	134
135	135	135	135	135	135	135	135	135	135	135	135	135
136	136	136	136	136	136	136	136	136	136	136	136	136
137	137	137	137	137	137	137	137	137	137	137	137	137
138	138	138	138	138	138	138	138	138	138	138	138	138
139	139	139	139	139	139	139	139	139	139	139	139	139
140	140	140	140	140	140	140	140	140	140	140	140	140
141	141	141	141	141	141	141	141	141	141	141	141	141
142	142	142	142	142	142	142	142	142	142	142	142	142
143	143	143	143	143	143	143	143	143	143	143	143	143
144	144	144	144	144	144	144	144	144	144	144	144	144
145	145	145	145	145	145	145	145	145	145	145	145	145
146	146	146	146	146	146	146	146	146	146	146	146	146
147	147	147	147	147	147	147	147	147	147	147	147	147
148	148	148	148	148	148	148	148	148	148	148	148	148
149	149	149	149	149	149	149	149	149	149	149	149	149
150	150	150	150	150	150	150	150	150	150	150	150	150
151	151	151	151	151	151	151	151	151	151	151	151	151
152	152	152	152	152	152	152	152	152	152	152	152	152
153	153	153	153	153	153	153	153	153	153	153	153	153
154	154	154	154	154	154	154	154	154	154	154	154	154
155	155	155	155	155	155	155	155	155	155	155	155	155
156	156	156	156	156	156	156	156	156	156	156	156	156
157	157	157	157	157	157	157	157	157	157	157	157	157
158	158	158	158	158	158	158	158	158	158	158	158	158
159	159	159	159	159	159	159	159	159	159	159	159	159
160	160	160	160	160	160	160	160	160	160	160	160	160
161	161	161	161	161	161	161	161	161	161	161	161	161
162	162	162	162	162	162	162	162	162	162	162	162	162
163	163	163	163	163	163	163	163	163	163	163	163	163
164	164	164	164	164	164	164	164	164	164	164	164	164
165	165	165	165	165	165	165	165	165	165	165	165	165
166	166	166	166	166	166	166	166	166	166	166	166	166
167	167	167	167	167	167	167	167	167	167	167	167	167
168	168	168	168	168	168	168	168	168	168	168	168	168
169	169	169	169	169	169	169	169	169	169	169	169	169
170	170	170	170	170	170	170	170	170	170	170	170	170
171	171	171	171	171	171	171	171	171	171	171	171	171
172	172	172	172	172	172	172	172	172	172	172	172	172
173	173	173	173	173	173	173	173	173	173	173	173	173
174	174	174	174	174	174	174	174	174	174	174	174	174
175	175	175	175	175	175	175	175	175	175	175	175	175
176	176	176	176	176	176	176	176	176	176	176	176	176
177	177	177	177	177	177	177	177	177	177	177	177	177
178	178	178	178	178	178	178	178	178	178	178	178	178
179	179	179	179	179	179	179	179	179	179	179	179	179
180	180	180	180	180	180	180	180	180	180	180	180	180
181	179	179	179	180	180	180	180	180	180	180	180	180
182	178	179	179	179	179	179	180	180	180	180	180	180
183	178	178	178	179	179	179	179	180	180	180	180	180
184	177	177	178	178	179	179	179	180	180	180	180	180
185	176	177	177	178	178	179	179	179	180	180	180	180
186	175	176	177	177	178	178	179	179	180	180	180	180
187	174	175	176	177	178	178	179	179	180	180	180	180
188	173	175	176	177	177	178	179	179	180	180	180	180
189	173	174	175	176	177	178	178	179	180	180	180	180
190	172	173	175	176	177	177	178	179	179	180	180	180
191	171	173	174	175	176	177	178	179	179	180	180	180
192	170	172	174	175	176	177	178	179	179	180	180	180
193	169	171	173	174	176	177	178	179	179	180	180	180
194	169	171	172	174	175	176	178	178	179	180	180	180
195	168	170	172	174	175	176	177	178	179	180	180	180
196	167	169	171	173	175	176	177	178	179	180	180	180
197	166	169	171	173	174	176	177	178	179	180	180	180
198	165	168	170	172	174	175	177	178	179	180	180	180
199	164	167	170	172	174	175	177	178	179	180	180	180
200	164	167	169	171	173	175	176	178	179	179	180	180
201	163	166	169	171	173	175	176	178	179	179	180	180
202	162	165	168	170	173	174	176	178	179	179	180	180
203	161	165	167	170	172	174	176	177	179	179	180	180
204	160	164	167	170	172	174	176	177	179	179	180	180
205	159	163	166	169	172	174	176	177	179	179	180	180
206	159	163	166	169	171	173	175	177	179	179	180	180
207	158	162	165	168	171	173	175	177	179	179	180	180
208	157	161	165	168	170	173	175	177	178	179	180	180
209	156	160	164	167	170	173	175	177	178	179	180	180
210	155	160	164	167	170	172	175	177	178	179	180	180
211	154	159	163	166	169	172	174	176	178	179	180	180
212	154	158	162	166	169	172	174	176	178	179	180	180
213	153	158	162	166	169	172	174	176	178	179	180	180
214	152	157	161	165	168	171	174	176	178	179	180	180
215	151	156	161	165	168	171	174	176	178	179	180	180
216	150	156	160	164	168	171	173	176	178	179	180	180
217	149	155	160	164	167	170	173	176	178	179	180	180
218	149	154	159	163	167	170	173	176	178	179	180	180
219	148	153	158	163	167	170	173	175	178	179	180	180
220	147	153	158	162	166	170	173	175	178	179	180	180
221	146	152	157	162	166	169	172	175	178	179	180	180
222	145	151	157	161	165	169	172	175	178	179	180	180
223	144	151	156	161	165	169	172	175	178	179	180	180
224	143	150	155	160	165	168	172	175	178	179	180	180
225	143	149	155	160	164	168	172	175	178	179	180	180
226	142	148	154	159	164	168	171	175	177	179	180	180
227	141	148	154	159	164	168	171	174	177	179	180	180
228	140	147	153	158	163	167	171	174	177	179	180	180
229	139	146	152	158	163	167	171	174	177	179	180	180
230	138	145	152	157	162	167	171	174	177	179	180	180
231	137	145	151	157	162	166	170	174	177	179	180	180
232	136	144	151	156	162	166	170	174	177	179	180	180
233	136	143	150	156	161	166	170	174	177	179	180	180
234	135	142	149	155	161	165	170	174	177	179	180	180
235	134	142	149	155	160	165	170	173	177	178	180	180
236	133	141	148	154	160	165	169	173	177	178	180	180
237	132	140	147	154	159	165	169	173	177	178	180	180
238	131	139	147	153	159	164	169	173	177	178	180	180
239	130	139	146	153	159	164	169	173	177	178	180	180
240	129	138	145	152	158	164	168	173	177	178	180	180
241	129	137	145	152	158	163	168	173	176	178	180	180
242	128	136	144	151	157	163	168	172	176	178	180	180
243	127	136	143	151	157	163	168	172	176	178	180	180
244	126	135	143	150	156	162	167	172	176	178	180	180
245	125	134	142	149	156	162	167	172	176	178	180	180
246	124	133	141	149	156	162	167	172	176	178	180	180
247	123	132	141	148	155	161	167	172	176	178	180	180
248	122	132	140	148	155	161	166	171	176	178	180	180
249	121	131	139	147	154	161	166	171	176	178	180	180
250	120	130	139	147	154	160	166	171	176	178	180	180
251	119	129	138	146	153	160	166	171	176	178	180	180
252	119	128	137	145	153	159	165	171	176	178	180	180
253	118	127	137	145	152	159	165	171	176	178	180	180
254	117	127	136	144	152	159	165	170	175	178	180	180
255	116	126	135	144	151	158	165	170	175	178	180	180
256	115	125	134	143	151	158	164	170	175	178	180	180
257	114	124	134	142	150	158	164	170	175	178	180	180
258	113	123	133	142	150	157	164	170	175	178	180	180
259	112	122	132	141	149	157	163	170	175	178	180	180
260	111	122	131	140	149	156	163	169	175	178	180	180
261	110	121	131	140	148	156	163	169	175	177	180	180
262	109	120	130	139	148	155	163	169	175	177	179	180
263	108	119	129	138	147	155	162	169	175	177	179	180
264	107	118	128	138	147	155	162	169	175	177	179	180
265	106	117	127	137	146	154	162	168	174	177	179	180
266	105	116	127	136	145	154	161	168	174	177	179	180
267	104	115	126	136	145	153	161	168	174	177	179	180
268	103	114	125	135	144	153	161	168	174	177	179	180
269	102	114	124	134	144	152	160	168	174	177	179	180
270	101	113	123	134	143	152	160	167	174	177	179	180
271	100	112	123	133	143	151	160	167	174	177	179	180
272	99	111	122	132	142	151	159	167	174	177	179	180
273	98	110	121	131	141	150	159	167	174	177	179	180
274	97	109	120	131	141	150	159	166	174	177	179	180
275	96	108	119	130	140	149	158	166	173	177	179	180
276	95	107	118	129	139	149	158	166	173	177	179	180
277	94	106	117	128	139	148	157	166	173	177	179	180
278	93	105	116	128	138	148	157	165	173	177	179	180
279	92	104	116	127	137	147	157	165	173	177	179	180
280	91	103	115	126	137	147	156	165	173	176	179	180
281	90	102	114	125	136	146	156	165	173	176	179	180
282	89	101	113	124	135	146	155	164	173	176	179	180
283	88	100	112	123	135	145	155	164	172	176	179	180
284	87	99	111	123	134	145	155	164	172	176	179	180
285	86	98	110	122	133	144	154	164	172	176	179	180
286	85	97	109	121	132	143	154	163	172	176	179	180
287	84	96	108	120	131	143	153	163	172	176	179	180
288	83	95	107	119	131	142	153	163	172	176	179	180
289	82	94	106	118	130	141	152	162	172	176	179	180
290	81	93	105	117	129	141	152	162	171	176	179	180
291	80	92	104	116	128	140	151	162	171	176	179	180
292	79	91	103	115	127	139	151	161	171	176	179	180
293	78	90	102	114	127	139	150	161	171	176	179	180
294	77	88	101	113	126	138	150	161	171	175	179	180
295	76	87	100	112	125	137	149	160	171	175	179	180
296	75	86	98	111	124	136	148	160	170	175	179	180
297	74	85	97	110	123	136	148	159	170	175	179	180
298	73	84	96	109	122	135	147	159	170	175	179	180
299	72	83	95	108	121	134	147	159	170	175	179	180
300	70	82	94	107	120	133	146	158	170	175	179	180
301	69	81	93	106	119	132	145	158	169	175	179	180
302	68	79	92	105	118	131	145	157	169	175	179	180
303	67	78	90	103	117	131	144	157	169	175	179	180
304	66	77	89	102	116	130	143	156	169	174	179	180
305	65	76	88	101	115	129	143	156	168	174	179	180
306	64	75	87	100	114	128	142	155	168	174	179	180
307	63	74	86	99	112	127	141	155	168	174	179	180
308	62	72	84	97	111	126	140	154	168	174	179	180
309	60	71	83	96	110	125	139	154	167	174	179	180
310	59	70	82	95	109	124	139	153	167	174	179	180
311	58	69	80	94	108	123	138	153	167	174	179	180
312	57	67	79	92	106	121	137	152	167	173	179	180
313	56	66	78	91	105	120	136	151	166	173	179	180
314	55	65	76	89	104	119	135	151	166	173	179	180
315	54	64	75	88	102	118	134	150	166	173	179	180
316	53	62	74	87	101	117	133	149	165	173	179	180
317	51	61	72	85	100	115	132	148	165	173	179	180
318	50	60	71	84	98	114	131	148	164	172	178	180
319	49	59	70	82	97	112	129	147	164	172	178	180
320	48	57	68	81	95	111	128	146	164	172	178	180
321	47	56	67	79	93	110	127	145	163	172	178	180
322	46	55	65	78	92	108	126	144	163	171	178	180
323	44	53	64	76	90	106	124	143	162	171	178	180
324	43	52	62	74	89	105	123	142	162	171	178	180
325	42	51	61	73	87	103	122	141	161	171	178	180
326	41	49	59	71	85	101	120	140	160	170	178	180
327	40	48	58	69	83	100	118	139	160	170	178	180
328	39	47	56	68	81	98	117	138	159	170	178	180
329	37	45	54	66	80	96	115	136	159	169	178	180
330	36	44	53	64	78	94	113	135	158	169	178	180
331	35	42	51	62	76	92	111	133	157	169	178	180
332	34	41	50	60	74	90	109	132	156	168	178	180
333	33	40	48	59	72	88	107	130	155	168	178	180
334	32	38	46	57	69	85	105	129	154	167	178	180
335	30	37	45	55	67	83	103	127	153	167	177	180
336	29	35	43	53	65	81	101	125	152	166	177	180
337	28	34	41	51	63	78	98	123	151	166	177	180
338	27	33	40	49	60	76	96	120	150	165	177	180
339	26	31	38	47	58	73	93	118	148	164	177	180
340	24	30	36	45	56	70	90	116	147	163	177	180
341	23	28	35	43	53	68	87	113	145	163	177	180
342	22	27	33	41	51	65	84	110	143	162	176	180
343	21	25	31	38	48	62	81	107	141	161	176	180
344	19	24	29	36	46	59	77	103	139	159	176	180
345	18	22	27	34	43	56	73	100	136	158	176	180
346	17	21	26	32	40	52	70	96	134	156	175	180
347	16	19	24	30	38	49	66	91	130	155	175	180
348	15	18	22	28	35	46	62	87	127	153	175	180
349	13	16	20	25	32	42	57	82	123	150	174	180
350	12	15	18	23	29	39	53	76	118	147	173	180
351	11	13	17	21	27	35	48	71	112	144	173	180
352	10	12	15	19	24	31	43	64	106	140	172	180
353	9	10	13	16	21	27	38	58	99	135	171	180
354	7	9	11	14	18	24	33	51	90	128	169	180
355	6	7	9	12	15	20	28	43	79	119	167	180
356	5	6	7	9	12	16	22	35	67	107	164	180
357	4	4	6	7	9	12	17	27	53	91	158	180
358	2	3	4	5	6	8	11	18	37	68	148	180
359	1	1	2	2	3	4	6	9	19	38	120	180