lpha1	alpha2	alpha3
0.00	0.00	136.85	120.00
1.00	1.00	136.06	121.00
2.00	2.00	135.26	122.00
3.00	3.00	134.46	123.00
4.00	4.00	133.66	124.00
5.00	5.00	132.85	125.00
6.00	6.00	132.04	126.00
7.00	7.00	131.23	127.00
8.00	8.00	130.41	128.00
9.00	9.00	129.58	129.00
10.00	10.00	128.76	130.00
11.00	11.00	127.92	131.00
12.00	12.00	127.09	132.00
13.00	13.00	126.25	133.00
14.00	14.00	125.40	134.00
15.00	15.00	124.55	135.00
16.00	16.00	123.70	136.00
17.00	17.00	122.84	137.00
18.00	18.00	121.97	138.00
19.00	19.00	121.10	139.00
20.00	20.00	120.23	140.00
21.00	21.00	119.35	141.00
22.00	22.00	118.46	142.00
23.00	23.00	117.57	143.00
24.00	24.00	116.67	144.00
25.00	25.00	115.77	145.00
26.00	26.00	114.87	146.00
27.00	27.00	113.95	147.00
28.00	28.00	113.04	148.00
29.00	29.00	112.11	149.00
30.00	30.00	111.18	150.00
31.00	31.00	110.25	151.00
32.00	32.00	109.31	152.00
33.00	33.00	108.36	153.00
34.00	34.00	107.41	154.00
35.00	35.00	106.45	155.00
36.00	36.00	105.48	156.00
37.00	37.00	104.51	157.00
38.00	38.00	103.53	158.00
39.00	39.00	102.54	159.00
40.00	40.00	101.55	160.00
41.00	41.00	100.55	161.00
42.00	42.00	99.55	162.00
43.00	43.00	98.54	163.00
44.00	44.00	97.52	164.00
45.00	45.00	96.49	165.00
46.00	46.00	95.46	166.00
47.00	47.00	94.42	167.00
48.00	48.00	93.38	168.00
49.00	49.00	92.32	169.00
50.00	50.00	91.26	170.00
51.00	51.00	90.20	171.00
52.00	52.00	89.12	172.00
53.00	53.00	88.04	173.00
54.00	54.00	86.95	174.00
55.00	55.00	85.85	175.00
56.00	56.00	84.75	176.00
57.00	57.00	83.64	177.00
58.00	58.00	82.52	178.00
59.00	59.00	81.39	179.00
60.00	60.00	80.26	180.00
61.00	61.00	79.12	179.32
62.00	62.00	77.97	178.63
63.00	63.00	76.81	177.94
64.00	64.00	75.64	177.26
65.00	65.00	74.47	176.57
66.00	66.00	73.29	175.89
67.00	67.00	72.10	175.20
68.00	68.00	70.91	174.52
69.00	69.00	69.71	173.83
70.00	70.00	68.50	173.14
71.00	71.00	67.28	172.45
72.00	72.00	66.05	171.76
73.00	73.00	64.82	171.08
74.00	74.00	63.58	170.39
75.00	75.00	62.33	169.69
76.00	76.00	61.07	169.00
77.00	77.00	59.81	168.31
78.00	78.00	58.54	167.62
79.00	79.00	57.26	166.92
80.00	80.00	55.97	166.23
81.00	81.00	54.68	165.53
82.00	82.00	53.38	164.83
83.00	83.00	52.07	164.13
84.00	84.00	50.76	163.43
85.00	85.00	49.44	162.73
86.00	86.00	48.11	162.03
87.00	87.00	46.77	161.32
88.00	88.00	45.43	160.62
89.00	89.00	44.09	159.91
90.00	90.00	42.73	159.20
91.00	91.00	41.37	158.49
92.00	92.00	40.01	157.78
93.00	93.00	38.63	157.06
94.00	94.00	37.25	156.35
95.00	95.00	35.87	155.63
96.00	96.00	34.48	154.91
97.00	97.00	33.09	154.18
98.00	98.00	31.69	153.46
99.00	99.00	30.28	152.73
100.00	100.00	28.87	152.00
101.00	101.00	27.46	151.27
102.00	102.00	26.04	150.54
103.00	103.00	24.62	149.80
104.00	104.00	23.19	149.06
105.00	105.00	21.76	148.32
106.00	106.00	20.33	147.58
107.00	107.00	18.89	146.83
108.00	108.00	17.45	146.08
109.00	109.00	16.00	145.33
110.00	110.00	14.56	144.57
111.00	111.00	13.11	143.82
112.00	112.00	11.66	143.06
113.00	113.00	10.21	142.29
114.00	114.00	8.75	141.52
115.00	115.00	7.29	140.75
116.00	116.00	5.84	139.98
117.00	117.00	4.38	139.20
118.00	118.00	2.92	138.42
119.00	119.00	1.46	137.64
120.00	120.00	0.00	136.85
121.00	121.00	1.00	136.06
122.00	122.00	2.00	135.26
123.00	123.00	3.00	134.46
124.00	124.00	4.00	133.66
125.00	125.00	5.00	132.85
126.00	126.00	6.00	132.04
127.00	127.00	7.00	131.23
128.00	128.00	8.00	130.41
129.00	129.00	9.00	129.58
130.00	130.00	10.00	128.76
131.00	131.00	11.00	127.92
132.00	132.00	12.00	127.09
133.00	133.00	13.00	126.25
134.00	134.00	14.00	125.40
135.00	135.00	15.00	124.55
136.00	136.00	16.00	123.70
137.00	137.00	17.00	122.84
138.00	138.00	18.00	121.97
139.00	139.00	19.00	121.10
140.00	140.00	20.00	120.23
141.00	141.00	21.00	119.35
142.00	142.00	22.00	118.46
143.00	143.00	23.00	117.57
144.00	144.00	24.00	116.67
145.00	145.00	25.00	115.77
146.00	146.00	26.00	114.87
147.00	147.00	27.00	113.95
148.00	148.00	28.00	113.04
149.00	149.00	29.00	112.11
150.00	150.00	30.00	111.18
151.00	151.00	31.00	110.25
152.00	152.00	32.00	109.31
153.00	153.00	33.00	108.36
154.00	154.00	34.00	107.41
155.00	155.00	35.00	106.45
156.00	156.00	36.00	105.48
157.00	157.00	37.00	104.51
158.00	158.00	38.00	103.53
159.00	159.00	39.00	102.54
160.00	160.00	40.00	101.55
161.00	161.00	41.00	100.55
162.00	162.00	42.00	99.55
163.00	163.00	43.00	98.54
164.00	164.00	44.00	97.52
165.00	165.00	45.00	96.49
166.00	166.00	46.00	95.46
167.00	167.00	47.00	94.42
168.00	168.00	48.00	93.38
169.00	169.00	49.00	92.32
170.00	170.00	50.00	91.26
171.00	171.00	51.00	90.20
172.00	172.00	52.00	89.12
173.00	173.00	53.00	88.04
174.00	174.00	54.00	86.95
175.00	175.00	55.00	85.85
176.00	176.00	56.00	84.75
177.00	177.00	57.00	83.64
178.00	178.00	58.00	82.52
179.00	179.00	59.00	81.39
180.00	180.00	60.00	80.26
181.00	179.32	61.00	79.12
182.00	178.63	62.00	77.97
183.00	177.94	63.00	76.81
184.00	177.26	64.00	75.64
185.00	176.57	65.00	74.47
186.00	175.89	66.00	73.29
187.00	175.20	67.00	72.10
188.00	174.52	68.00	70.91
189.00	173.83	69.00	69.71
190.00	173.14	70.00	68.50
191.00	172.45	71.00	67.28
192.00	171.76	72.00	66.05
193.00	171.08	73.00	64.82
194.00	170.39	74.00	63.58
195.00	169.69	75.00	62.33
196.00	169.00	76.00	61.07
197.00	168.31	77.00	59.81
198.00	167.62	78.00	58.54
199.00	166.92	79.00	57.26
200.00	166.23	80.00	55.97
201.00	165.53	81.00	54.68
202.00	164.83	82.00	53.38
203.00	164.13	83.00	52.07
204.00	163.43	84.00	50.76
205.00	162.73	85.00	49.44
206.00	162.03	86.00	48.11
207.00	161.32	87.00	46.77
208.00	160.62	88.00	45.43
209.00	159.91	89.00	44.09
210.00	159.20	90.00	42.73
211.00	158.49	91.00	41.37
212.00	157.78	92.00	40.01
213.00	157.06	93.00	38.63
214.00	156.35	94.00	37.25
215.00	155.63	95.00	35.87
216.00	154.91	96.00	34.48
217.00	154.18	97.00	33.09
218.00	153.46	98.00	31.69
219.00	152.73	99.00	30.28
220.00	152.00	100.00	28.87
221.00	151.27	101.00	27.46
222.00	150.54	102.00	26.04
223.00	149.80	103.00	24.62
224.00	149.06	104.00	23.19
225.00	148.32	105.00	21.76
226.00	147.58	106.00	20.33
227.00	146.83	107.00	18.89
228.00	146.08	108.00	17.45
229.00	145.33	109.00	16.00
230.00	144.57	110.00	14.56
231.00	143.82	111.00	13.11
232.00	143.06	112.00	11.66
233.00	142.29	113.00	10.21
234.00	141.52	114.00	8.75
235.00	140.75	115.00	7.29
236.00	139.98	116.00	5.84
237.00	139.20	117.00	4.38
238.00	138.42	118.00	2.92
239.00	137.64	119.00	1.46
240.00	136.85	120.00	0.00
241.00	136.06	121.00	1.00
242.00	135.26	122.00	2.00
243.00	134.46	123.00	3.00
244.00	133.66	124.00	4.00
245.00	132.85	125.00	5.00
246.00	132.04	126.00	6.00
247.00	131.23	127.00	7.00
248.00	130.41	128.00	8.00
249.00	129.58	129.00	9.00
250.00	128.76	130.00	10.00
251.00	127.92	131.00	11.00
252.00	127.09	132.00	12.00
253.00	126.25	133.00	13.00
254.00	125.40	134.00	14.00
255.00	124.55	135.00	15.00
256.00	123.70	136.00	16.00
257.00	122.84	137.00	17.00
258.00	121.97	138.00	18.00
259.00	121.10	139.00	19.00
260.00	120.23	140.00	20.00
261.00	119.35	141.00	21.00
262.00	118.46	142.00	22.00
263.00	117.57	143.00	23.00
264.00	116.67	144.00	24.00
265.00	115.77	145.00	25.00
266.00	114.87	146.00	26.00
267.00	113.95	147.00	27.00
268.00	113.04	148.00	28.00
269.00	112.11	149.00	29.00
270.00	111.18	150.00	30.00
271.00	110.25	151.00	31.00
272.00	109.31	152.00	32.00
273.00	108.36	153.00	33.00
274.00	107.41	154.00	34.00
275.00	106.45	155.00	35.00
276.00	105.48	156.00	36.00
277.00	104.51	157.00	37.00
278.00	103.53	158.00	38.00
279.00	102.54	159.00	39.00
280.00	101.55	160.00	40.00
281.00	100.55	161.00	41.00
282.00	99.55	162.00	42.00
283.00	98.54	163.00	43.00
284.00	97.52	164.00	44.00
285.00	96.49	165.00	45.00
286.00	95.46	166.00	46.00
287.00	94.42	167.00	47.00
288.00	93.38	168.00	48.00
289.00	92.32	169.00	49.00
290.00	91.26	170.00	50.00
291.00	90.20	171.00	51.00
292.00	89.12	172.00	52.00
293.00	88.04	173.00	53.00
294.00	86.95	174.00	54.00
295.00	85.85	175.00	55.00
296.00	84.75	176.00	56.00
297.00	83.64	177.00	57.00
298.00	82.52	178.00	58.00
299.00	81.39	179.00	59.00
300.00	80.26	180.00	60.00
301.00	79.12	179.32	61.00
302.00	77.97	178.63	62.00
303.00	76.81	177.94	63.00
304.00	75.64	177.26	64.00
305.00	74.47	176.57	65.00
306.00	73.29	175.89	66.00
307.00	72.10	175.20	67.00
308.00	70.91	174.52	68.00
309.00	69.71	173.83	69.00
310.00	68.50	173.14	70.00
311.00	67.28	172.45	71.00
312.00	66.05	171.76	72.00
313.00	64.82	171.08	73.00
314.00	63.58	170.39	74.00
315.00	62.33	169.69	75.00
316.00	61.07	169.00	76.00
317.00	59.81	168.31	77.00
318.00	58.54	167.62	78.00
319.00	57.26	166.92	79.00
320.00	55.97	166.23	80.00
321.00	54.68	165.53	81.00
322.00	53.38	164.83	82.00
323.00	52.07	164.13	83.00
324.00	50.76	163.43	84.00
325.00	49.44	162.73	85.00
326.00	48.11	162.03	86.00
327.00	46.77	161.32	87.00
328.00	45.43	160.62	88.00
329.00	44.09	159.91	89.00
330.00	42.73	159.20	90.00
331.00	41.37	158.49	91.00
332.00	40.01	157.78	92.00
333.00	38.63	157.06	93.00
334.00	37.25	156.35	94.00
335.00	35.87	155.63	95.00
336.00	34.48	154.91	96.00
337.00	33.09	154.18	97.00
338.00	31.69	153.46	98.00
339.00	30.28	152.73	99.00
340.00	28.87	152.00	100.00
341.00	27.46	151.27	101.00
342.00	26.04	150.54	102.00
343.00	24.62	149.80	103.00
344.00	23.19	149.06	104.00
345.00	21.76	148.32	105.00
346.00	20.33	147.58	106.00
347.00	18.89	146.83	107.00
348.00	17.45	146.08	108.00
349.00	16.00	145.33	109.00
350.00	14.56	144.57	110.00
351.00	13.11	143.82	111.00
352.00	11.66	143.06	112.00
353.00	10.21	142.29	113.00
354.00	8.75	141.52	114.00
355.00	7.29	140.75	115.00
356.00	5.84	139.98	116.00
357.00	4.38	139.20	117.00
358.00	2.92	138.42	118.00
359.00	1.46	137.64	119.00
